time,x,y,z,phi,theta,psi,x_velocity,y_velocity,z_velocity,phi_velocity,theta_velocity,psi_velocity,rotor_speed1,rotor_speed2,rotor_speed3,rotor_speed4
0.06,-1.07783560074e-06,1.36409000392e-07,10.0073990315,0.00012379801989,0.000667743183713,0.0,-8.48728846811e-05,1.25642115512e-05,0.24661306148,0.00590012104176,0.0272152286368,0.0,480.5641603017242,482.62221708948056,480.53676902841164,480.98369463988143
0.12000000000000001,-2.42209872643e-05,4.47526032736e-06,10.0232261241,5.95802568029e-05,0.00212679553358,0.0,-0.000829913731461,0.000151031202113,0.280948370096,-0.0210762996565,0.017781297857,0.0,416.14879668421287,415.3224607110042,416.679239274062,414.3146336400098
0.18,-0.00012549206139,9.6722571265e-06,10.0446105064,6.28199005166,0.00292475998388,0.0,-0.00264999822814,-0.00011578119659,0.431818502486,-0.0205911807918,0.00235195302217,0.0,452.9944071501063,451.75208238738935,453.3224010965234,453.3613928138656
0.23999999999999996,-0.00033596800127,-2.13518909104e-05,10.0701999868,6.28132835451,0.00340250329066,0.0,-0.00439397195689,-0.000995499724311,0.421168072405,0.00332896496167,0.0173171534078,0.0,400.33457364505546,401.69366279115087,398.81099206278463,400.98957638784907
0.3,-0.000702190513054,-0.000133021160169,10.1062828795,6.28128126666,0.00461862287731,0.0,-0.00797208993881,-0.00271347373221,0.781419134713,-0.0106389191014,0.0255995946716,0.0,512.6171979409389,513.2052403767199,513.8103616786493,512.819326224331
0.36000000000000004,-0.00127861571433,-0.000335743539628,10.1554451831,6.28010842121,0.00648878784022,0.0,-0.0114112643352,-0.00411972569536,0.85726902695,-0.0508062066495,0.040465599332,0.0,428.36842802109004,429.6309116296198,432.31562052754606,428.91801269214125
0.4200000000000001,-0.00212231554779,-0.000666102446028,10.2120382088,6.27684464054,0.00944365185171,0.0,-0.0170188541656,-0.00724582670741,1.02902229485,-0.0627653137979,0.0626907644209,0.0,459.667643645028,461.4266493247692,459.6721110579747,458.72163607096167
0.48000000000000015,-0.00336207889189,-0.00125249642147,10.2776548996,6.2728368515,0.0134551977683,0.0,-0.0247196567521,-0.012711267106,1.15807085999,-0.07640442106,0.0741060525445,0.0,446.23611671344514,447.170155292838,448.08414899238517,446.97074180941746
0.5400000000000001,-0.00513840689524,-0.00224498412452,10.3500155301,6.26838838133,0.0176938200705,0.0,-0.0349312062556,-0.0208279357535,1.25383740548,-0.0699628961114,0.0626245717539,0.0,437.6593353364212,436.70665717470143,436.4454959058684,436.9783146768276
0.6000000000000002,-0.00752156401122,-0.00373798702861,10.4232057581,6.26402679556,0.0214467332343,0.0,-0.0447984824702,-0.0292695423602,1.18589916297,-0.078801105516,0.0623961520103,0.0,381.70804062704406,381.6897757730453,381.96360091471445,381.11477664837383
0.6600000000000003,-0.010750626131,-0.00598380230287,10.5011379203,6.259262407,0.0250968579244,0.0,-0.0632775798206,-0.0461580589031,1.41156561955,-0.0806447929893,0.0575169922135,0.0,476.9989685619528,476.6286159276302,476.473815140239,476.3282635834205
0.7200000000000003,-0.0150154746026,-0.00920410737026,10.5863370416,6.25451309379,0.0279949292527,0.0,-0.079182334075,-0.0616145522937,1.42836412435,-0.0763327976879,0.0143495741974,0.0,414.10982805120443,410.2967735095581,411.25485899100653,411.63100538189957
0.7800000000000004,-0.0202221675207,-0.0133784020781,10.6705491433,6.2495196995,0.0290559392891,0.0,-0.0944534163723,-0.0779079983472,1.37875253531,-0.102853335115,0.0236327667014,0.0,389.25383398689786,390.12150692699396,389.232936165985,386.7360164623795
0.8400000000000004,-0.0265660860342,-0.0188546791798,10.7586382653,6.24305630213,0.0311518760205,0.0,-0.117211095897,-0.105341541893,1.55729102726,-0.119864920414,0.051196393461,0.0,461.54113332395667,463.7116835054087,464.57105968739336,463.2255305281398
0.9000000000000005,-0.0342779823989,-0.0260613628975,10.8558007946,6.2365457769,0.0341211329868,0.0,-0.140166180814,-0.135589991072,1.68124126178,-0.0921937131102,0.0458314503668,0.0,447.1603716406095,446.72466257131134,446.22010059805785,448.46235851911143
0.9600000000000005,-0.0433994854078,-0.0351740391285,10.9595047729,6.2311434723,0.0374030202365,0.0,-0.164188936309,-0.168711357322,1.77537382473,-0.086045708365,0.068240878187,0.0,438.54089689316174,440.40017439398224,436.7362483935183,437.24174418431
1.0200000000000005,-0.0540373816349,-0.0463855627302,11.0689302168,6.22728873549,0.0415506451863,0.0,-0.190820977738,-0.205436418387,1.87194150244,-0.0390596352929,0.0708421911126,0.0,438.64458362022185,438.8642268221389,438.12400843615325,442.0090264543467
1.0800000000000005,-0.0663493256324,-0.0598578033831,11.1839081545,6.22516272205,0.0457832000166,0.0,-0.219997439124,-0.243853038744,1.96047010424,-0.0290224611693,0.0699368537009,0.0,437.22993967045727,437.1584082657098,436.9482760633224,437.78359443206966
1.1400000000000006,-0.0806054016147,-0.0758101544244,11.3064922409,6.22380468136,0.0495602338263,0.0,-0.255644446536,-0.288045154556,2.12533276987,-0.0122130288032,0.0428899284543,0.0,462.58691260554417,460.45483958304663,460.5859758726118,461.9133523735476
1.2000000000000006,-0.0971791028907,-0.0945593960953,11.4409457896,6.22299246408,0.0524353411896,0.0,-0.297123584781,-0.33699704069,2.35597067841,-0.0163256933926,0.0564420746066,0.0,481.3674384551025,482.3930091811121,481.3661488203196,481.0549734471146
1.2600000000000007,-0.115913386128,-0.115809390721,11.5816668219,6.22237458563,0.0555500016554,0.0,-0.327631515117,-0.371405440518,2.33474611132,-0.000365414774835,0.0408186268238,0.0,404.7879720082739,403.3815869490289,401.28200464386885,402.72827363314855
1.3200000000000007,-0.13682255772,-0.139449348452,11.7263252658,6.22262396957,0.058672681262,0.0,-0.369637322458,-0.416561449773,2.48685229558,0.011938896669,0.0682291696296,0.0,457.81598681438913,459.9932374419222,458.9973739323036,459.97273305254674
1.3800000000000008,-0.160255349174,-0.165717360395,11.8788898738,6.22323275143,0.0627432146813,0.0,-0.411866381823,-0.458956733882,2.59835110819,0.00629592783572,0.0670572875423,0.0,447.70563878252005,447.61370538617217,447.4121987379001,446.95241863149425
1.4400000000000008,-0.186489586064,-0.194688659967,12.0409955716,6.22408329947,0.0666729623047,0.0,-0.463047893861,-0.506649672547,2.80464289354,0.0265251259473,0.0621758147537,0.0,476.5628991748996,476.1924902598425,476.2757589447119,477.8202996647737
1.5000000000000009,-0.215500523738,-0.226159264064,12.2097415434,6.22608453252,0.070238197465,0.0,-0.504310783488,-0.542208611821,2.82015786918,0.0443587103569,0.0532486168149,0.0,418.5625236847543,417.78758179875155,417.3804083884346,418.9344520737069
1.560000000000001,-0.247655637016,-0.260206192644,12.3879093606,6.22878088663,0.074106739791,0.0,-0.567946339846,-0.59229736067,3.1179647603,0.0460753849936,0.0806600302587,0.0,502.66019810855727,504.6450626667411,504.31049184186685,504.4353711333434
1.620000000000001,-0.283440486741,-0.296972182932,12.5799551564,6.2313760849,0.079477429474,0.0,-0.625424429014,-0.632914430192,3.28304933809,0.036911017705,0.103032919041,0.0,465.93061864001083,467.68257066730695,468.2852434046599,467.57274449231375
1.680000000000001,-0.323126517702,-0.336326576997,12.785919916,6.23330529127,0.0854875474704,0.0,-0.698174672685,-0.678579993536,3.58146703865,0.020356464827,0.0937226083016,0.0,507.45231602573773,506.7908075586896,507.0442215806157,505.85374209320975
1.740000000000001,-0.366926975029,-0.378140776489,13.0050625339,6.23423828535,0.0915269230768,0.0,-0.762437011737,-0.715087750658,3.72275253926,0.00359631931256,0.111792879607,0.0,462.6806818885757,464.1093752669234,463.8312046383074,462.5129273066832
1.8000000000000012,-0.414551730361,-0.422041148438,13.2308595843,6.23437229255,0.0979073699399,0.0,-0.825684174695,-0.748229128391,3.80345196043,-0.000642195674584,0.0922720702425,0.0,446.68059707154276,445.0954254752476,445.6943720787576,445.34775560551157
1.8600000000000012,-0.465926997411,-0.467845512682,13.4597775927,6.23415987403,0.103810227599,0.0,-0.887341074611,-0.778592076612,3.82697977493,-0.0100790051798,0.108417936764,0.0,427.64222579425314,429.02401172348306,428.2584650525115,427.4550379784511
1.9200000000000013,-0.5210803287,-0.515461978141,13.6897722489,6.2338598336,0.110172702735,0.0,-0.951675693589,-0.808661862384,3.8393621588,0.00359761418921,0.100809856853,0.0,425.4549675375994,424.8134056667834,423.9014755176224,425.0752872416219
1.9800000000000013,-0.580712552938,-0.565107437302,13.9249778687,6.23404242432,0.117618695057,0.0,-1.03677689352,-0.846137865021,4.00012840488,0.00191050939321,0.150266012429,0.0,470.36692188592815,474.19332051304553,471.23522863501483,471.10472720819826
2.0400000000000014,-0.645360471989,-0.616887858308,14.1675630483,6.23418324628,0.126694522082,0.0,-1.11902109776,-0.87984784587,4.08556717908,0.00320615332276,0.153185838875,0.0,450.49299099310804,450.7502316143135,449.699185861316,449.8040839149084
2.1000000000000014,-0.715046729027,-0.670656859721,14.4146155092,6.23461484438,0.13569969811,0.0,-1.20470482837,-0.912409252764,4.14910074751,0.0141667174852,0.143037251142,0.0,444.5690867962333,443.7578213719461,443.99075737621325,444.88907979401426
2.1600000000000015,-0.789951898408,-0.726335128861,14.6647440126,6.23517550601,0.144535084244,0.0,-1.29292689206,-0.943458559723,4.18818808419,-0.00266003082,0.154575924888,0.0,436.28052545199506,437.2635882720142,438.6402571981134,437.24041481529144
2.2200000000000015,-0.870667746705,-0.78398264538,14.9195421931,6.2345526404,0.153772659814,0.0,-1.3985024534,-0.978133368425,4.30440649093,-0.0340161900496,0.152699175688,0.0,462.2949187119892,462.16838441675225,463.7037886206528,461.2338182643218
2.2800000000000016,-0.958131191651,-0.843798536527,15.1826545834,6.23267444777,0.162691323216,0.0,-1.51784962035,-1.01590867187,4.46509361348,-0.0263659045895,0.138976812882,0.0,477.5840983466094,476.555182296728,477.0065682486387,477.59020235220197
2.3400000000000016,-1.05302929255,-0.905943330195,15.4558101377,6.23117600183,0.171556569525,0.0,-1.6462759594,-1.05571476727,4.63908205752,-0.0223267762497,0.161181932187,0.0,482.5055974497854,484.1974163406809,482.3950621456452,482.6999525407361
2.4000000000000017,-1.15609031229,-0.970582592492,15.7407646338,6.22990439733,0.181699440758,0.0,-1.79010818905,-1.09902365603,4.8580952565,-0.0190180938405,0.181365949413,0.0,497.3394134038172,498.83936394262025,497.88627399938355,498.1283681516319
2.4600000000000017,-1.26704057807,-1.0375631038,16.0334589148,6.22872480651,0.193214039762,0.0,-1.90923900851,-1.13374860865,4.89784423072,-0.0209751648963,0.207345727763,0.0,445.0937106328276,447.2501358983577,447.131085167646,446.97163329434784
2.520000000000002,-1.38463653401,-1.10644829973,16.3248227757,6.22710604238,0.205152686419,0.0,-2.01160895681,-1.16253959834,4.81429996402,-0.0430441175811,0.171679660744,0.0,407.19612763583217,404.03391543952733,408.4207171610582,406.44693010215434
2.580000000000002,-1.50981540066,-1.17742836627,16.6171313591,6.22437374139,0.21552951021,0.0,-2.16197490773,-1.20369267613,4.92836210867,-0.0510607048945,0.175365128839,0.0,470.84873487051345,471.160682259041,471.4564774378405,470.8354929421879
2.640000000000002,-1.64292873721,-1.25058296897,16.9102994332,6.22083167025,0.225926716529,0.0,-2.27599147912,-1.23504173452,4.84389768043,-0.0840301149695,0.168774485839,0.0,408.4637002689717,407.9071758156546,409.86194742152065,406.91740276535086
2.700000000000002,-1.78355527878,-1.32581564327,17.2005517566,6.2158315929,0.236052639733,0.0,-2.41242164985,-1.27312294352,4.83077233154,-0.0819795678264,0.168747208089,0.0,433.35671560775467,433.3824923342758,432.1647234782731,432.33167958965953
2.760000000000002,-1.9328408774,-1.40349914497,17.4911624571,6.21064265023,0.246194897112,0.0,-2.56463935652,-1.31674918998,4.85561530376,-0.0974842181382,0.169611414428,0.0,446.81332840375404,446.9109834938338,446.22066732304427,444.94666158688705
2.820000000000002,-2.09158834344,-1.4839343818,17.7837314662,6.20544278633,0.256297621483,0.0,-2.72781684076,-1.36488745794,4.89592280645,-0.0709183107944,0.16579563414,0.0,453.09968036956764,452.81930870136165,451.22579767660307,453.35927197100557
2.880000000000002,-2.25961304829,-1.56713692705,18.0759646202,6.20095484652,0.266367702446,0.0,-2.87384652108,-1.40886600426,4.84487714439,-0.0839762221781,0.171624214174,0.0,424.28617409588753,424.8147324452375,424.0300614154062,422.90182655173214
2.940000000000002,-2.43745461347,-1.65331704065,18.3682727946,6.19572756229,0.276504106563,0.0,-3.05507762846,-1.46422821306,4.89781524509,-0.0942942420641,0.162953399653,0.0,459.9580148808768,459.29694996959637,458.9941084589418,458.16829425167595
3.000000000000002,-2.62635606796,-1.74291144055,18.663612881,6.19040357408,0.287384169079,0.0,-3.24252039545,-1.52269761853,4.94590058463,-0.0794533068857,0.204009258254,0.0,457.4865054874575,460.7735007642478,459.3759061950908,460.54506304199225
3.0600000000000023,-2.82565551194,-1.83577062314,18.9581606122,6.18596370226,0.300116614811,0.0,-3.40180891563,-1.57294003996,4.87197986692,-0.0648658522607,0.224931072864,0.0,420.24955499815775,422.1060186897966,420.2758735238543,421.5338864613769
3.1200000000000023,-3.03565669197,-1.93199889689,19.2511668423,6.18191220474,0.313775335891,0.0,-3.59935747221,-1.63494897967,4.89388471457,-0.073455040889,0.232576889248,0.0,454.3788853190755,455.04163217139325,454.26876831572406,453.57602385437923
3.1800000000000024,-3.25726686668,-2.03185924724,19.5438404205,6.17765254515,0.327474931611,0.0,-3.78876370269,-1.69402880305,4.8611310207,-0.0664807556321,0.218097662063,0.0,438.9187872112251,437.76763824387564,438.28477335394786,438.8602013381785
3.2400000000000024,-3.49110842663,-2.13552267616,19.8362695181,6.17341108533,0.340840412428,0.0,-4.00702420053,-1.76169253957,4.8853536553,-0.080819696364,0.230732484793,0.0,458.455864123202,459.50608727034614,459.85942819592935,458.71823472430503
3.3000000000000025,-3.73900492,-2.24353422125,20.1319702346,6.16832819693,0.354901116496,0.0,-4.2573054505,-1.83902796919,4.96968351746,-0.0939320295847,0.240724903676,0.0,479.9121332912089,480.72019476122733,481.967007231987,480.96941231099464
3.3600000000000025,-4.00189424259,-2.3561797358,20.4317226686,6.16281771445,0.369958146237,0.0,-4.50681985536,-1.91619156429,5.02046764279,-0.087960135742,0.266029692456,0.0,472.2690351624524,474.2752231177823,474.3000972325049,474.75209162158257
3.4200000000000026,-4.2792532866,-2.47329588227,20.7323149211,6.15833314879,0.386085359208,0.0,-4.73969306012,-1.98796025802,4.99801622213,-0.056544840959,0.273787784074,0.0,452.93172465489044,453.6266091591138,452.49361056694613,455.01147136965204
3.4800000000000026,-4.56956036104,-2.59437597329,21.0282287673,6.15521807453,0.402415196467,0.0,-4.93842198566,-2.04822390948,4.86519250818,-0.0439823303387,0.26870928802,0.0,417.6050328693354,417.2417825171742,417.4769960185718,418.57001690895567
3.5400000000000027,-4.87518243282,-2.72004434771,21.3233260557,6.15262200944,0.418516735856,0.0,-5.25013092956,-2.14073439568,4.96908352779,-0.0418759663141,0.267650673261,0.0,498.204510897593,498.19123927427955,499.3439186837919,499.4967703794675
3.6000000000000028,-5.1973853656,-2.85057876416,21.6189920447,6.15065046183,0.434257268952,0.0,-5.49111068137,-2.21047890395,4.88536786924,-0.0191373724137,0.248788664373,0.0,443.4534127974882,441.9700985319012,440.22910408793075,442.106574291152
3.660000000000003,-5.53500712047,-2.98551286677,21.9109764314,6.14961141048,0.448826523571,0.0,-5.76397175585,-2.28727247789,4.84602039176,-0.0139060833472,0.226935845228,0.0,461.3376026862112,459.66463654400144,459.01581797227516,459.43096858369313
3.720000000000003,-5.88753035731,-3.12458327461,22.1968997614,6.14896667984,0.462567513853,0.0,-5.98785051152,-2.34842998331,4.68418373901,-0.00507439904651,0.232876038701,0.0,418.13974095099826,418.71269780524995,419.77121325968074,420.5372523352996
3.780000000000003,-6.25604946156,-3.26795146249,22.4776330251,6.14912413974,0.476395994153,0.0,-6.29700169985,-2.43033360783,4.67183540177,0.0147482089439,0.225189624898,0.0,475.0094739998087,474.4685964927665,472.37876924220245,473.90525988419313
3.840000000000003,-6.64274190545,-3.41605022602,22.7562194717,6.15031218061,0.489397971429,0.0,-6.59361954075,-2.5060738748,4.61290452678,0.0283607582692,0.18861770334,0.0,463.76979897266807,460.93056855021194,461.19473030399854,462.26889692644323
3.900000000000003,-7.04708603182,-3.56856939549,23.0304017058,6.1523115046,0.500692612235,0.0,-6.88529765133,-2.57766446864,4.52527507462,0.0417491737935,0.187487176912,0.0,456.03060951632716,455.9737261849977,454.1109686835273,455.18437144725056
3.960000000000003,-7.46916693077,-3.72535176046,23.2992179141,6.15480375194,0.511726944415,0.0,-7.18482762909,-2.64813553689,4.43398866924,0.0411107396364,0.175571259451,0.0,456.782071158509,455.8622495740324,457.6810561455713,457.63108838075084
4.020000000000002,-7.91064106358,-3.88659410655,23.5645317224,6.15710786923,0.522010789742,0.0,-7.53152724228,-2.72624931485,4.40797374783,0.0323455541278,0.161386489613,0.0,481.8146385122945,480.7663146988337,484.3004138998473,483.64108529990204
4.080000000000001,-8.37093237006,-4.05200011136,23.824321579,6.15874535903,0.532093895672,0.0,-7.81233246659,-2.7871292903,4.25077870241,0.0145443860133,0.178830321815,0.0,438.58689695164827,440.06085909531316,442.15912084349685,440.689840972647
4.14,-8.85040016582,-4.22148400616,24.0781104157,6.15972709239,0.543534093506,0.0,-8.17048121375,-2.86208430836,4.20684462459,0.0197701635126,0.207479326104,0.0,482.90970205093356,485.09786981650285,482.2392881523377,482.63386854470076
4.199999999999998,-9.34878800131,-4.39486869458,24.3244587447,6.16081476559,0.555666127687,0.0,-8.44341799031,-2.91730605699,4.00384950607,0.0146227738881,0.188737075172,0.0,430.9638960113027,429.4174827236412,430.8271914529001,430.3915455350739
4.259999999999997,-9.86315941742,-4.57143323407,24.557507486,6.16121986009,0.567015402388,0.0,-8.70332501837,-2.96813839839,3.76376429573,-0.0176955339949,0.189975485034,0.0,418.31572709890406,418.46082445400157,419.4375133913009,416.6202280522682
4.319999999999996,-10.3953490685,-4.7514295036,24.7791346679,6.16041559097,0.578251713654,0.0,-9.03703698215,-3.0316753592,3.62216877549,-0.00596860839269,0.181237487236,0.0,458.1383587325845,457.475727497978,457.8200155691795,458.75254753331365
4.379999999999995,-10.9484538082,-4.93536258086,24.9930700613,6.15953928778,0.588749159487,0.0,-9.40035684309,-3.09930472415,3.50706244033,-0.0438081482322,0.157869289354,0.0,473.1073809988897,471.3311986511448,472.78581159415756,469.8603510425539
4.439999999999993,-11.5205494646,-5.12280064536,25.1953849362,6.15670717261,0.5986199898,0.0,-9.67052510383,-3.14874565251,3.23602179914,-0.0550378424447,0.175265218862,0.0,415.97416962951036,417.5228195650952,417.1902940184454,416.206687645884
4.499999999999992,-12.1100628583,-5.31341398571,25.3827224117,6.1534892622,0.609227293013,0.0,-9.98078110633,-3.2051229981,3.00725464652,-0.0509594939211,0.179668770055,0.0,435.4609260509122,435.8600520682904,436.3199942817234,436.6585186406183
4.559999999999991,-12.7171414131,-5.5071991722,25.5543299794,6.15098896983,0.619612615057,0.0,-10.2562569138,-3.25447849827,2.71212225514,-0.0276341667328,0.154797670124,0.0,414.4309848262289,412.2689551284252,410.8145499232579,412.8772319233929
4.6199999999999894,-13.3429814574,-5.70433276406,25.710838812,6.14916139435,0.628432321399,0.0,-10.6058160221,-3.31662094277,2.50320649509,-0.036811153796,0.122977641901,0.0,450.0771083605508,447.5127376181972,451.5201167489647,450.7785737234724
4.679999999999988,-13.99011068,-5.90522412812,25.8547137499,6.14688891565,0.636163804935,0.0,-10.9658676902,-3.37976468489,2.29098343381,-0.0400907258485,0.138579503145,0.0,452.6822305001244,453.9510712695249,452.5991015061819,452.3343167824968
4.739999999999987,-14.6586424338,-6.10984099452,25.9850501102,6.1446053071,0.644007149206,0.0,-11.3193327771,-3.44080577238,2.05194294649,-0.0342811861458,0.106402826385,0.0,448.68921205949545,446.0832315235556,446.0873593455104,446.56099043593474
4.799999999999986,-15.3489987671,-6.31820452993,26.1013151711,6.14254316915,0.650310437129,0.0,-11.6933037404,-3.50463413935,1.82186126338,-0.034545068519,0.102214938475,0.0,455.34064798253445,455.0147166351874,454.03498873253506,454.01334807563217
4.859999999999984,-16.0607912968,-6.53018136125,26.2019228614,6.14019131955,0.657069968777,0.0,-12.0341695165,-3.56128809942,1.5303792729,-0.0506649266247,0.127993512416,0.0,433.1728173238706,435.3473089502888,435.47553163130254,434.12361265224143
4.919999999999983,-16.7944109411,-6.74577799202,26.2862382866,6.13783471618,0.664663901423,0.0,-12.420636773,-3.62524193512,1.27815940688,-0.0229201591805,0.12354798035,0.0,455.3973221376365,455.05562293955995,452.5845202521254,454.81204459192116
4.979999999999982,-17.5507263491,-6.96507890965,26.3541836923,6.13625801924,0.672217281261,0.0,-12.790909516,-3.68473221269,0.984919221459,-0.0340202257706,0.130199753962,0.0,443.54778112065026,444.10836200575585,443.22182619978275,442.30807074859655
5.0399999999999805,-18.330276243,-7.18808682741,26.4051668147,6.13394607305,0.680393034782,0.0,-13.1949601399,-3.74878127779,0.71229313861,-0.0495689005518,0.146233830179,0.0,455.94454938911326,457.24070122279727,457.4803463627142,456.23937241645393
